<?xml version="1.0" standalone="no"?>
<!DOCTYPE svg PUBLIC "-//W3C//DTD SVG 20010904//EN"
 "http://www.w3.org/TR/2001/REC-SVG-20010904/DTD/svg10.dtd">
<svg version="1.0" xmlns="http://www.w3.org/2000/svg"
 width="1608.665994pt" height="1955.328525pt" viewBox="0 0 1608.665994 1955.328525"
 preserveAspectRatio="xMidYMid meet">

<g transform="translate(-201.407098,1978.921919) scale(0.100000,-0.100000)"
fill="#000000" stroke="none">
<path d="M17663 19738 c-32 -29 -63 -57 -69 -63 -28 -24 -799 -794 -894 -892
-57 -59 -264 -270 -459 -468 -556 -564 -731 -744 -951 -975 -113 -118 -279
-291 -371 -385 -375 -386 -534 -552 -661 -691 -167 -184 -214 -242 -202 -253
10 -10 196 4 253 18 20 5 99 16 176 25 77 9 174 21 215 26 41 5 123 12 182 16
89 6 109 4 113 -8 9 -23 -58 -133 -224 -365 -568 -792 -640 -898 -623 -915 11
-11 65 -2 227 37 358 85 624 127 643 101 5 -6 21 -42 37 -81 16 -38 83 -182
151 -320 67 -137 131 -270 142 -295 32 -74 73 -200 67 -210 -3 -5 -74 -61
-158 -124 -83 -64 -240 -182 -347 -263 -107 -82 -205 -163 -217 -182 -58 -86
-14 -217 179 -536 44 -71 83 -137 88 -147 9 -15 20 -73 56 -293 40 -250 125
-430 261 -556 66 -60 150 -117 397 -270 175 -108 287 -202 319 -267 9 -19 24
-83 33 -143 16 -102 16 -117 0 -236 -10 -71 -22 -146 -27 -168 -109 -470 -217
-793 -270 -803 -11 -2 -42 29 -87 85 -132 166 -347 355 -532 469 -36 22 -112
64 -170 93 -58 30 -112 60 -120 68 -12 11 -17 64 -27 246 -14 291 -27 379 -80
552 -48 157 -95 239 -331 586 -41 60 -42 96 -4 105 87 18 152 53 152 82 0 23
-86 146 -131 186 -56 51 -124 94 -259 161 -63 32 -126 65 -140 75 -52 37 -177
97 -235 114 -33 9 -73 21 -90 26 -16 5 -57 12 -90 15 -110 11 -200 27 -225 40
-14 8 -50 24 -80 37 -56 24 -82 37 -254 127 -151 80 -267 120 -396 136 -80 10
-161 30 -196 48 -33 17 -55 57 -127 232 -63 153 -80 182 -223 372 -105 140
-106 141 -114 408 -4 127 -10 239 -14 250 -42 111 -109 186 -280 314 -151 114
-176 138 -209 206 -48 97 -57 160 -56 384 2 177 -1 212 -16 251 -35 87 -104
176 -239 306 -89 87 -136 139 -136 153 0 31 -26 167 -66 351 -55 254 -167 474
-309 608 -57 55 -239 182 -260 182 -2 0 -28 15 -57 34 -59 37 -101 77 -198
184 -61 68 -179 170 -266 229 -135 91 -340 153 -501 153 -205 -1 -463 -168
-678 -438 -107 -134 -139 -200 -154 -322 -18 -146 -20 -150 -44 -150 -30 0
-93 88 -159 220 -47 94 -52 112 -52 170 0 71 6 85 96 242 45 78 53 108 29 108
-14 0 -166 -213 -193 -270 -78 -166 -77 -234 8 -432 28 -66 31 -78 18 -89 -22
-18 -103 -6 -164 26 -122 62 -187 93 -235 110 -101 35 -125 78 -125 220 0 107
11 140 75 231 143 200 381 299 870 359 164 20 212 32 253 63 40 29 50 51 31
63 -33 21 -385 3 -544 -27 -286 -56 -475 -136 -628 -267 -189 -162 -228 -240
-272 -538 -7 -48 -35 -83 -88 -107 -23 -11 -73 -34 -112 -52 -168 -77 -282
-169 -324 -265 -53 -119 -4 -469 85 -607 20 -31 31 -38 69 -44 88 -13 191 19
254 79 18 18 67 75 109 127 89 111 98 119 134 120 38 0 60 -36 60 -103 1 -47
-5 -62 -52 -138 -149 -237 -219 -296 -440 -371 -118 -41 -314 -82 -332 -71
-24 14 4 75 101 222 33 51 61 97 61 102 0 21 -24 6 -91 -58 -163 -155 -225
-313 -194 -495 30 -172 101 -314 218 -435 72 -76 72 -77 -2 -244 -65 -144 -68
-201 -20 -288 18 -31 34 -58 38 -61 3 -3 26 -27 50 -52 l44 -47 -37 -73 c-75
-150 -94 -286 -57 -426 24 -93 59 -151 148 -244 l73 -77 0 -97 c0 -90 -2 -101
-36 -173 -61 -129 -74 -169 -74 -227 0 -71 27 -130 87 -189 91 -90 203 -122
364 -104 100 12 149 5 149 -19 0 -9 -34 -46 -76 -82 -101 -87 -214 -227 -295
-365 -53 -91 -135 -253 -158 -315 -12 -30 -26 -64 -30 -75 -18 -39 -60 -161
-76 -220 -70 -250 -73 -253 -206 -221 -106 26 -149 78 -149 183 1 116 93 441
165 582 49 96 81 140 168 230 76 79 90 110 44 92 -77 -31 -141 -58 -202 -85
-106 -49 -122 -54 -225 -72 -288 -51 -414 -131 -504 -320 -98 -204 -99 -207
-156 -236 -29 -14 -65 -29 -79 -31 -72 -15 -236 -70 -311 -106 -342 -160 -623
-436 -795 -779 -146 -292 -207 -572 -208 -957 -2 -256 12 -373 70 -595 14 -52
29 -108 33 -125 4 -16 18 -61 31 -100 16 -51 23 -94 23 -155 0 -77 -3 -91 -33
-149 -18 -36 -44 -81 -56 -100 -161 -248 -320 -647 -408 -1026 -64 -278 -80
-404 -80 -660 0 -121 -3 -230 -8 -242 -7 -19 -16 -23 -51 -23 -69 0 -329 54
-413 85 -123 46 -268 133 -288 173 -23 45 -47 170 -47 246 l0 71 51 55 c59 63
69 84 80 160 34 248 40 265 122 350 97 101 228 289 279 400 41 87 62 141 89
225 33 101 37 158 30 480 -4 195 -1 214 63 395 57 160 67 192 72 249 4 36 2
66 -5 79 -16 31 -75 65 -146 86 -205 61 -265 86 -410 175 -123 74 -120 71
-105 117 13 39 55 153 92 249 10 28 21 78 25 111 5 52 3 64 -13 81 -46 46 -46
47 -25 119 10 38 38 119 61 179 42 111 104 295 155 460 15 50 33 105 41 123 8
18 14 37 14 42 0 32 74 119 182 214 68 60 184 166 258 236 74 70 198 183 275
252 202 180 235 222 182 232 -36 8 -530 26 -684 26 -78 0 -148 3 -157 6 -41
16 -5 74 200 320 82 99 165 199 184 224 19 25 41 52 47 60 25 31 170 228 239
325 61 86 189 279 349 525 57 87 191 321 199 347 21 67 -81 2 -259 -166 -47
-44 -220 -199 -559 -500 -178 -158 -246 -220 -341 -310 -66 -63 -243 -222
-420 -376 -44 -38 -82 -72 -85 -75 -3 -3 -43 -39 -90 -80 -46 -41 -89 -79 -96
-85 -6 -5 -51 -46 -100 -90 -145 -131 -228 -208 -456 -429 -240 -231 -253
-251 -176 -260 138 -16 383 -36 443 -36 74 0 246 -17 254 -25 5 -6 -17 -126
-29 -160 -4 -11 -15 -45 -24 -75 -22 -75 -173 -542 -198 -610 -21 -58 -24 -70
-56 -192 -21 -78 -53 -146 -98 -208 -28 -39 -28 -65 0 -160 61 -210 64 -240
24 -261 -12 -6 -81 -17 -153 -24 -159 -15 -216 -37 -290 -114 -27 -28 -103
-97 -168 -152 -69 -59 -125 -115 -135 -135 -16 -35 -14 -67 17 -199 24 -105
32 -162 28 -192 -3 -17 -28 -60 -55 -95 -83 -107 -88 -164 -25 -306 33 -75 35
-132 6 -169 -37 -45 -54 -94 -47 -128 3 -16 19 -68 34 -115 51 -154 60 -202
60 -329 0 -152 7 -168 135 -302 52 -53 126 -142 166 -196 109 -149 156 -201
233 -258 103 -76 107 -82 117 -177 18 -162 40 -405 49 -538 5 -74 12 -155 15
-180 3 -25 10 -97 15 -160 6 -63 17 -187 25 -275 9 -88 20 -205 25 -260 4 -55
13 -152 19 -215 5 -63 15 -182 21 -265 6 -82 15 -203 21 -267 5 -65 14 -189
19 -275 5 -87 17 -255 25 -373 9 -118 20 -276 24 -350 17 -259 31 -425 42
-500 18 -130 40 -262 61 -365 11 -55 23 -111 25 -125 14 -75 45 -224 59 -285
9 -38 20 -88 24 -110 4 -22 15 -76 25 -120 9 -44 21 -102 25 -128 5 -26 12
-56 15 -67 3 -11 10 -41 14 -67 24 -140 74 -361 97 -432 39 -118 58 -109 88
42 8 40 17 99 20 132 4 33 11 94 16 135 17 136 31 267 41 382 5 62 16 185 24
273 30 336 40 622 26 843 -6 114 -18 261 -26 327 -22 194 -38 412 -31 430 7
20 32 16 141 -20 68 -23 463 -121 575 -144 151 -30 367 -39 448 -20 46 11 178
92 237 145 17 14 118 97 225 182 107 86 217 177 243 202 104 96 150 185 182
346 35 179 66 270 126 370 38 63 183 256 344 460 61 76 135 170 164 207 68 87
82 86 122 -7 67 -158 129 -472 132 -675 2 -130 -14 -178 -85 -258 -128 -145
-142 -181 -162 -408 -8 -88 -20 -178 -27 -200 -11 -36 -9 -50 11 -115 19 -62
22 -86 16 -156 -3 -46 -13 -112 -21 -146 -8 -35 -15 -93 -15 -131 0 -58 6 -79
39 -150 27 -58 40 -101 44 -147 7 -72 -4 -290 -27 -570 -9 -102 -20 -268 -26
-370 -11 -217 -24 -319 -46 -363 -9 -18 -42 -70 -73 -117 -31 -47 -61 -94 -67
-105 -85 -154 -165 -308 -206 -394 -27 -58 -58 -124 -68 -146 -10 -22 -32 -69
-48 -105 -16 -36 -42 -92 -57 -125 -48 -107 -54 -119 -69 -159 -17 -40 -20
-83 -10 -110 11 -30 226 -173 336 -224 231 -107 429 -159 455 -119 4 6 11 145
14 307 4 162 12 462 17 665 6 204 15 550 21 770 22 820 34 977 85 1119 33 91
45 97 232 108 170 9 421 33 519 48 117 19 261 39 318 44 49 5 57 4 57 -11 0
-17 -48 -79 -131 -168 -25 -27 -62 -68 -80 -90 -19 -22 -36 -42 -39 -45 -13
-12 -127 -158 -232 -295 -225 -295 -229 -303 -160 -291 20 4 62 14 92 22 63
18 101 32 215 79 51 21 465 227 525 261 25 14 79 43 120 64 160 84 314 180
405 254 28 22 118 106 200 187 93 90 165 153 189 163 38 16 232 63 346 85 180
33 366 61 413 61 49 0 26 -44 -112 -215 -176 -217 -504 -562 -691 -727 -102
-90 -374 -292 -554 -413 -391 -262 -578 -413 -747 -600 -70 -78 -247 -291
-320 -385 -145 -187 -292 -431 -271 -452 34 -34 297 120 817 483 272 189 534
338 1055 600 270 136 323 167 435 247 200 144 298 233 705 642 413 414 466
465 635 601 158 127 302 213 445 264 88 31 243 26 395 -13 206 -53 345 -106
345 -132 0 -8 -44 -43 -65 -51 -40 -15 -404 -244 -476 -299 -465 -356 -885
-787 -1290 -1325 -173 -229 -442 -617 -586 -845 -122 -191 -443 -717 -443
-724 0 -2 -23 -43 -51 -92 -66 -115 -205 -400 -214 -439 -18 -80 -17 -93 2
-98 116 -31 344 -50 913 -77 343 -16 817 15 1150 74 47 9 101 18 120 21 43 8
153 32 200 45 19 5 64 16 100 25 102 24 262 70 390 112 155 50 464 189 630
284 315 180 678 516 720 667 19 71 10 287 -25 547 -40 305 -69 458 -120 645
-9 30 -20 73 -26 95 -22 80 -41 140 -49 160 -4 11 -23 61 -41 110 -18 50 -36
95 -39 100 -4 6 -27 62 -51 125 l-44 115 0 135 c1 108 5 153 24 224 29 111 25
159 -24 286 -86 222 -99 529 -34 817 5 23 9 71 9 107 0 63 -1 66 -51 126 -68
82 -79 105 -79 170 1 94 57 307 115 434 53 115 113 198 320 441 204 240 373
464 570 755 197 291 294 472 442 824 54 128 71 168 119 273 13 29 26 64 30 79
10 38 27 39 76 2 25 -18 64 -46 87 -63 24 -16 57 -42 74 -56 110 -90 301 -191
462 -244 139 -46 344 -87 547 -111 170 -20 183 -25 395 -160 71 -44 209 -121
307 -170 173 -86 181 -91 245 -163 150 -170 220 -221 371 -270 97 -32 182 -48
352 -66 84 -8 192 -20 239 -25 274 -31 418 2 542 126 89 88 128 182 166 399
31 173 52 262 86 361 38 112 56 154 155 359 99 206 139 318 171 470 27 128 26
391 -1 547 -42 241 -132 539 -274 903 -26 66 -59 149 -73 185 -14 36 -31 81
-38 100 -7 19 -25 67 -40 105 -15 39 -34 88 -42 110 -9 22 -19 49 -23 60 -21
51 -61 169 -90 260 -17 55 -35 109 -40 120 -22 53 -103 358 -131 495 -6 30
-17 84 -24 120 -8 36 -21 106 -30 155 -9 50 -20 110 -25 135 -18 88 -41 206
-50 255 -5 28 -16 84 -24 125 -27 142 -36 195 -50 310 -8 63 -18 135 -22 160
-3 25 -9 173 -13 330 -7 335 3 305 -147 425 -52 42 -105 93 -118 113 -13 21
-31 73 -40 117 -30 137 -36 154 -67 189 -29 33 -145 97 -201 111 -36 9 -111
76 -132 117 -49 98 -103 180 -136 205 -24 19 -77 25 -212 25 l-127 -1 -25 34
c-14 19 -26 36 -26 40 0 3 -10 22 -23 43 -20 32 -31 57 -67 147 -25 61 -49
177 -80 375 -21 142 -50 299 -76 415 -7 33 -16 76 -19 95 -14 71 -23 77 -139
85 -58 4 -108 11 -111 15 -3 5 39 51 92 102 330 314 1186 1165 1227 1220 39
52 30 68 -36 68 -62 -1 -245 -20 -448 -48 -80 -11 -180 -23 -222 -26 -73 -5
-78 -4 -78 14 0 11 78 127 173 258 235 322 439 622 655 962 58 91 146 229 196
308 144 225 306 494 422 697 37 66 102 176 144 245 149 243 295 514 285 530
-12 20 -34 9 -92 -42z m-762 -1006 c-17 -27 -31 -52 -31 -55 0 -17 -252 -408
-490 -762 -56 -82 -165 -247 -243 -366 -112 -170 -419 -594 -448 -619 -3 -3
-43 -56 -89 -119 -97 -134 -145 -220 -131 -234 11 -11 226 4 380 25 112 16
326 17 326 2 0 -14 -59 -79 -229 -255 -72 -74 -167 -173 -211 -220 -44 -46
-164 -172 -266 -279 -102 -107 -221 -235 -264 -285 -44 -49 -82 -92 -85 -95
-19 -16 -80 -105 -80 -116 0 -17 -8 -16 170 -14 80 1 153 -2 162 -5 22 -9 35
-52 44 -145 3 -41 10 -81 14 -90 16 -33 53 -148 62 -195 11 -57 6 -170 -9
-200 -45 -89 -64 -114 -84 -115 -11 0 -185 253 -214 311 -18 34 -29 77 -34
126 -10 104 -15 107 -159 111 -65 2 -158 -1 -208 -8 -138 -18 -231 -23 -237
-13 -6 9 83 143 270 408 95 135 418 647 450 712 32 67 7 73 -225 53 -409 -35
-525 -41 -535 -31 -20 20 45 94 368 421 713 721 1158 1180 1585 1635 47 49
133 139 191 200 119 123 214 225 243 261 13 15 23 21 29 15 6 -6 -2 -28 -22
-59z m-7471 -992 c73 -13 216 -53 273 -78 45 -20 45 -44 0 -47 -152 -12 -307
-51 -392 -100 -121 -68 -250 -184 -361 -325 -77 -97 -130 -150 -150 -150 -31
0 -70 96 -70 173 0 110 41 188 161 306 72 71 239 191 266 191 7 0 21 5 31 10
25 15 134 39 157 35 11 -2 49 -9 85 -15z m480 -269 c60 -30 75 -55 38 -66 -45
-14 -196 -93 -264 -138 -38 -25 -103 -78 -144 -117 -51 -47 -99 -82 -149 -106
-66 -32 -85 -36 -182 -41 -95 -5 -109 -4 -115 11 -16 41 85 185 218 312 147
141 223 172 418 173 117 0 128 -2 180 -28z m435 -271 c44 -22 101 -60 127 -84
55 -52 140 -165 132 -178 -7 -10 -50 -10 -94 1 -56 14 -216 39 -327 51 -100
11 -225 0 -238 -20 -8 -13 71 -78 137 -111 35 -18 117 -62 183 -99 140 -77
202 -107 305 -144 123 -45 177 -75 205 -117 14 -21 25 -45 25 -52 0 -56 -254
-48 -435 15 -58 20 -232 107 -307 155 -21 12 -39 23 -41 23 -8 0 -147 97 -243
169 -55 41 -118 86 -141 100 -30 18 -42 32 -40 45 1 12 44 48 114 96 62 42
120 83 130 93 30 26 165 90 208 98 22 5 81 6 130 4 81 -4 98 -9 170 -45z
m-2562 -223 c75 -34 127 -75 171 -136 51 -69 46 -115 -15 -147 -28 -14 -42
-14 -162 2 -232 29 -358 11 -534 -79 -113 -57 -118 -56 -134 9 -13 58 -11 111
6 143 41 81 224 197 370 235 11 2 70 4 130 2 95 -2 118 -6 168 -29z m1345
-167 c144 -16 274 -41 300 -58 47 -30 46 -42 -12 -289 -14 -61 -26 -119 -26
-128 0 -10 34 -54 76 -98 111 -118 143 -197 80 -197 -14 0 -53 13 -88 28 -35
16 -79 35 -98 43 -47 19 -183 17 -245 -3 -380 -121 -449 -125 -519 -27 -15 22
-33 38 -40 36 -20 -6 -19 -126 1 -171 23 -51 23 -157 -1 -475 -9 -128 -14
-236 -11 -240 4 -3 54 -6 112 -6 123 0 135 -7 115 -72 -22 -73 -27 -76 -148
-83 -96 -6 -116 -10 -171 -38 -90 -46 -125 -44 -180 13 -38 40 -43 51 -43 91
0 25 5 54 10 64 6 11 13 46 17 80 5 52 4 60 -11 60 -10 0 -16 -8 -16 -21 0
-12 -7 -44 -16 -73 -9 -28 -21 -67 -26 -86 -6 -19 -23 -55 -38 -80 -15 -25
-47 -81 -70 -125 -97 -181 -131 -214 -173 -167 -14 16 -21 35 -63 176 -9 33
-44 112 -77 175 -118 227 -110 205 -97 280 14 79 49 185 79 241 16 29 41 21
99 -29 58 -51 123 -81 171 -81 14 0 53 10 86 21 33 12 87 24 120 28 58 6 61 7
81 48 48 90 75 194 81 311 7 130 6 131 -80 82 -62 -34 -105 -38 -210 -15 -38
8 -126 20 -195 26 -70 6 -133 13 -141 15 -48 14 92 340 207 485 73 90 130 136
226 183 85 40 147 52 366 67 91 6 167 13 169 15 9 8 306 4 399 -6z m634 -107
c16 -10 68 -65 116 -123 180 -219 277 -306 407 -366 117 -54 217 -84 370 -109
274 -45 316 -59 389 -130 121 -118 228 -313 182 -331 -19 -7 -48 0 -196 49
-66 22 -154 41 -235 52 -290 38 -469 104 -687 251 -133 90 -336 275 -383 349
-79 125 -87 281 -18 357 20 22 18 22 55 1z m-2200 -840 c27 -25 24 -118 -6
-194 -63 -154 -154 -223 -356 -269 -25 -5 -83 -19 -130 -31 -47 -11 -92 -21
-100 -22 -12 -2 -16 13 -18 74 -3 94 9 112 105 158 249 120 252 122 397 243
39 32 74 58 80 58 5 0 18 -7 28 -17z m2443 -42 c22 -19 78 -70 125 -114 95
-90 189 -162 303 -232 42 -26 83 -55 92 -65 10 -11 20 -48 25 -86 14 -112 46
-180 120 -255 123 -124 249 -165 667 -218 176 -22 214 -36 292 -113 67 -66
111 -156 111 -227 0 -57 -7 -65 -45 -51 -65 25 -199 45 -450 69 -49 5 -112 14
-140 21 -27 6 -70 16 -95 22 -160 37 -257 86 -353 178 -83 79 -116 125 -142
203 -22 65 -45 189 -45 241 0 28 -8 55 -22 76 -20 28 -35 36 -107 56 -84 23
-187 77 -229 122 -24 26 -71 113 -102 191 -10 27 -28 68 -38 92 -36 80 -52
130 -46 140 6 11 15 6 79 -50z m-2137 2 c5 -17 -26 -29 -40 -15 -6 6 -7 15 -3
22 9 14 37 9 43 -7z m1336 -80 c42 -42 43 -62 2 -82 -24 -11 -36 -11 -79 0
-28 8 -52 19 -54 25 -4 13 65 94 81 94 7 0 29 -17 50 -37z m441 -37 c53 -25
100 -69 130 -123 18 -31 18 -32 -8 -72 -15 -23 -64 -81 -110 -129 -45 -48
-110 -120 -145 -159 l-63 -72 -57 -3 -57 -3 -3 -90 c-2 -49 1 -128 7 -175 24
-196 24 -209 6 -216 -12 -5 -47 24 -128 103 -62 60 -147 137 -189 172 -77 63
-98 95 -98 151 0 33 -35 88 -100 155 -64 67 -70 82 -76 178 -11 164 20 192
176 156 194 -45 290 -48 376 -13 132 53 199 95 213 135 8 24 15 29 43 29 18 0
56 -11 83 -24z m-1535 -21 c27 -33 -19 -76 -67 -61 -28 9 -47 44 -32 62 15 18
83 18 99 -1z m-605 -509 c27 -20 22 -92 -11 -161 -64 -137 -278 -295 -398
-295 -48 0 -86 27 -86 60 0 26 30 91 66 143 27 40 315 241 366 256 45 13 42
13 63 -3z m2667 -83 c31 -64 50 -65 90 -9 36 52 63 65 86 42 13 -13 14 -23 3
-73 -16 -75 -56 -157 -92 -187 -59 -50 -139 -42 -183 17 -31 42 -35 150 -7
204 35 69 71 71 103 6z m-305 -56 c50 -57 128 -340 128 -467 l0 -84 -34 -23
c-19 -13 -44 -23 -56 -23 -13 0 -28 -6 -35 -14 -13 -17 1 -52 67 -166 36 -63
37 -68 36 -156 -2 -108 -26 -207 -51 -202 -9 2 -49 50 -89 107 -80 116 -120
161 -141 161 -8 0 -27 -11 -44 -25 -38 -32 -63 -32 -110 2 -29 19 -42 23 -50
15 -15 -15 7 -82 45 -135 59 -81 79 -140 79 -231 -1 -72 -5 -93 -31 -151 -48
-104 -159 -250 -178 -232 -3 4 -5 64 -5 134 l2 128 -37 54 c-21 30 -71 82
-111 115 -41 34 -78 68 -82 76 -5 9 -4 51 3 95 17 127 14 183 -12 239 -36 73
-198 231 -291 283 -68 38 -108 51 -260 84 -59 13 -70 24 -70 71 0 53 12 71 62
100 86 49 218 66 289 38 53 -21 160 -93 203 -136 21 -21 72 -83 113 -137 71
-94 152 -170 201 -188 16 -6 41 -4 75 6 68 20 100 19 122 -5 23 -26 40 -13 48
36 5 27 23 54 72 105 l66 68 -3 223 c-2 123 1 233 5 246 12 31 40 27 74 -11z
m-2187 -366 l0 -198 -94 -72 c-173 -133 -254 -241 -336 -448 -7 -19 -20 -33
-29 -33 -27 0 -77 60 -95 114 -10 31 -16 83 -16 135 0 133 10 146 292 399 70
63 112 109 168 187 49 69 90 115 102 115 4 0 8 -89 8 -199z m715 129 c46 -28
65 -62 65 -114 0 -38 -3 -46 -22 -51 -84 -22 -110 -33 -170 -72 -69 -45 -150
-131 -253 -267 -123 -162 -118 -148 -82 -229 50 -109 46 -123 -52 -214 -57
-54 -128 -90 -156 -79 -38 14 -44 88 -20 242 9 54 20 126 25 159 5 33 10 80
10 104 0 41 5 49 83 130 46 47 121 132 166 189 100 124 174 200 215 218 43 20
147 11 191 -16z m227 -311 c29 -6 59 -16 66 -21 15 -13 16 -54 1 -64 -16 -10
-301 -6 -311 4 -17 17 3 71 31 81 36 13 150 13 213 0z m2036 -116 c224 -173
363 -232 697 -297 308 -60 383 -85 481 -158 74 -55 196 -240 178 -270 -10 -16
-104 -4 -154 21 -91 46 -264 91 -280 75 -6 -6 8 -23 41 -48 68 -50 64 -70 -16
-74 -62 -3 -229 31 -335 69 -87 32 -258 118 -346 175 -142 93 -243 209 -319
367 -36 74 -60 178 -43 189 18 11 14 13 96 -49z m-2018 -147 c75 -16 169 -40
222 -56 37 -11 98 -72 98 -97 0 -7 4 -21 9 -31 6 -9 19 -44 30 -77 28 -85 39
-110 91 -195 82 -135 97 -201 63 -277 -10 -21 -61 -103 -114 -183 -53 -80
-130 -210 -170 -289 -80 -155 -126 -218 -151 -209 -25 10 -41 98 -33 186 6 73
-3 150 -24 197 -55 123 -55 178 0 281 29 54 39 84 36 103 -7 32 -99 302 -121
354 -29 66 -47 44 -70 -84 -9 -49 -31 -119 -52 -165 -68 -147 -69 -297 -4
-439 42 -89 53 -128 54 -190 1 -38 -3 -50 -15 -53 -23 -4 -100 69 -169 160
-112 148 -155 263 -169 448 -3 48 -10 84 -16 83 -14 -3 -46 -99 -52 -160 -6
-56 8 -151 39 -257 12 -40 16 -72 11 -77 -11 -11 -118 68 -175 127 -50 53 -85
126 -104 220 -29 141 4 230 136 363 47 47 101 106 120 131 97 124 171 187 239
201 49 11 212 2 291 -15z m7471 -131 c15 -11 34 -33 43 -48 31 -54 23 -70 -71
-144 -76 -60 -214 -153 -227 -153 -2 0 -62 -34 -132 -76 -225 -133 -316 -185
-422 -241 -120 -62 -152 -82 -152 -94 0 -4 13 -27 29 -51 30 -44 48 -120 37
-161 -17 -70 -164 -59 -241 18 -56 55 -155 218 -155 253 0 37 35 69 185 173
66 45 125 87 131 93 34 32 306 236 349 262 47 28 104 55 250 119 161 71 175
74 280 72 52 -2 77 -7 96 -22z m-5879 -250 c33 -225 41 -950 13 -1179 -9 -70
-13 -132 -9 -137 19 -32 183 60 285 161 83 81 119 145 154 268 15 54 34 117
44 142 17 45 17 45 61 43 134 -5 220 -5 358 2 179 9 188 5 150 -53 -44 -65
-208 -196 -593 -472 -110 -78 -257 -191 -275 -210 -27 -29 -226 -190 -265
-215 -71 -45 -101 -51 -395 -85 -193 -22 -378 -90 -388 -143 -3 -14 4 -17 41
-17 25 0 80 6 123 14 110 20 394 40 405 29 13 -13 -134 -162 -202 -206 -77
-49 -183 -83 -434 -139 -120 -26 -392 -104 -450 -128 -52 -22 -188 -63 -335
-101 -137 -35 -484 -41 -786 -14 -93 9 -221 20 -284 25 -125 11 -210 31 -230
55 -10 12 -9 29 4 88 26 112 93 303 138 394 49 99 152 230 222 283 63 48 156
90 197 90 31 0 31 -1 26 -42 -11 -97 -24 -127 -101 -238 -30 -42 -33 -86 -8
-98 9 -5 58 -14 107 -21 50 -6 135 -18 190 -26 133 -20 214 -20 221 0 6 14 0
41 -42 195 -8 30 -19 71 -24 90 -4 19 -18 73 -29 120 -75 296 -121 527 -121
609 0 37 2 41 26 41 14 0 63 -18 110 -40 123 -59 134 -78 189 -315 33 -144 91
-281 144 -346 38 -46 107 -79 166 -79 61 0 101 26 255 168 69 63 161 141 204
173 114 84 122 70 47 -79 -26 -53 -66 -126 -88 -162 -39 -63 -143 -271 -143
-285 0 -4 -7 -22 -16 -41 -22 -46 -13 -64 31 -64 67 0 180 56 250 124 59 58
141 162 197 251 122 196 363 644 446 830 17 39 43 97 57 130 15 33 35 78 45
100 10 22 30 69 45 105 15 36 72 154 127 263 110 218 126 235 140 142z m-2796
-43 c31 -22 121 -177 151 -262 16 -45 17 -133 1 -179 -19 -54 -74 -138 -131
-198 -80 -85 -132 -103 -175 -63 -25 23 -29 66 -9 95 7 11 26 49 42 85 27 62
29 74 33 245 4 166 6 184 29 233 24 50 36 60 59 44z m8991 -38 c55 -42 98 -87
119 -126 24 -46 6 -63 -169 -165 -60 -34 -111 -63 -113 -63 -3 0 -21 -11 -42
-23 -20 -13 -64 -39 -97 -57 -33 -18 -80 -45 -105 -58 -25 -14 -61 -35 -80
-47 -41 -25 -50 -29 -260 -122 -47 -21 -80 -52 -80 -76 0 -21 26 -120 40 -152
16 -36 28 -119 23 -153 -7 -42 -36 -62 -93 -62 -38 0 -51 5 -72 28 -40 43 -46
61 -46 161 -1 121 -10 192 -32 250 -10 25 -26 67 -36 92 -9 25 -15 53 -12 60
5 12 358 239 373 239 2 0 34 18 70 40 36 22 67 40 70 40 3 0 29 16 60 35 30
20 63 39 73 42 9 4 34 17 55 30 21 13 81 46 135 73 121 62 152 64 219 14z
m-12033 -227 c-16 -27 -84 -119 -159 -212 -44 -55 -111 -141 -150 -190 -38
-49 -134 -170 -213 -270 -166 -208 -157 -197 -202 -255 -18 -25 -67 -80 -107
-122 -76 -81 -91 -118 -55 -137 9 -5 145 -14 302 -21 320 -12 457 -23 471 -37
10 -10 -300 -320 -558 -557 -56 -52 -85 -104 -133 -247 -43 -126 -112 -269
-141 -295 -41 -35 -240 -109 -276 -102 -27 5 -27 39 1 99 14 30 62 164 106
299 85 255 106 307 171 418 47 81 50 114 12 131 -36 16 -252 41 -368 41 -118
1 -222 13 -237 28 -8 8 -1 25 32 67 24 31 57 67 74 82 17 14 76 69 131 122
123 118 256 239 395 358 58 50 148 130 200 179 52 48 120 110 150 138 30 28
129 120 220 206 302 284 321 301 331 295 5 -4 6 -12 3 -18z m12332 -176 c76
-56 144 -150 144 -199 0 -25 -8 -32 -67 -61 -84 -40 -95 -46 -160 -70 -28 -11
-89 -38 -135 -59 -76 -36 -151 -70 -203 -93 -11 -5 -45 -18 -75 -29 -30 -12
-95 -45 -145 -75 -122 -73 -170 -92 -192 -74 -24 20 -93 169 -93 200 0 38 46
74 193 148 153 77 293 151 377 200 93 55 220 118 270 134 31 11 48 6 86 -22z
m-4279 -150 c93 -22 130 -38 138 -60 7 -18 -18 -39 -55 -47 -14 -3 -52 -12
-85 -20 -33 -9 -76 -20 -95 -25 -351 -89 -771 -284 -1059 -491 -157 -114 -467
-368 -656 -538 -127 -114 -489 -485 -558 -571 -92 -115 -103 -159 -34 -136
249 82 416 191 675 440 358 345 382 368 587 546 92 80 238 184 330 236 79 44
308 160 351 177 21 9 66 28 99 43 128 56 170 72 270 99 50 13 101 26 115 29
14 3 67 14 119 26 132 29 396 30 531 1 85 -18 121 -33 109 -44 -14 -13 -138
-63 -219 -88 -52 -16 -124 -40 -160 -53 -36 -13 -92 -33 -125 -44 -233 -78
-446 -157 -524 -196 -207 -102 -528 -350 -831 -641 -323 -312 -574 -505 -850
-656 -94 -52 -246 -136 -280 -155 -19 -11 -62 -35 -95 -53 -33 -18 -77 -44
-97 -57 -21 -12 -40 -23 -43 -23 -3 0 -22 -11 -43 -23 -38 -24 -89 -53 -202
-115 -382 -207 -641 -378 -787 -520 -16 -15 -55 -51 -86 -81 -182 -169 129
-65 653 217 47 25 312 159 590 298 278 139 548 276 600 305 203 113 356 244
728 625 134 137 269 271 300 298 32 27 92 81 134 119 117 106 284 228 373 274
120 62 275 109 275 84 0 -7 -37 -54 -82 -105 -108 -120 -181 -205 -237 -274
-40 -50 -167 -198 -181 -212 -53 -51 -360 -426 -470 -575 -41 -56 -95 -128
-119 -159 -96 -127 -269 -319 -561 -621 -162 -167 -229 -243 -273 -310 -30
-44 -23 -66 15 -48 13 7 50 20 83 29 204 61 463 257 677 514 59 71 298 388
451 600 382 527 712 963 838 1110 134 156 326 264 565 320 138 33 452 22 599
-19 17 -5 84 -21 150 -36 135 -30 205 -53 205 -65 0 -4 -64 -11 -142 -14 -261
-12 -507 -39 -588 -65 -14 -5 -52 -16 -85 -26 -72 -22 -225 -100 -315 -160
-306 -204 -695 -641 -1096 -1230 -53 -77 -113 -165 -135 -195 -111 -157 -147
-208 -245 -355 -348 -520 -735 -977 -1028 -1214 -211 -170 -485 -310 -716
-364 -189 -45 -307 -57 -548 -57 -283 0 -466 22 -632 76 -83 27 -234 99 -251
120 -14 18 -22 9 353 404 222 235 304 338 284 357 -7 8 -73 -24 -216 -106
-187 -107 -308 -187 -520 -344 -252 -188 -297 -223 -409 -326 -116 -105 -130
-117 -181 -159 -25 -20 -47 -39 -50 -42 -12 -12 -109 -88 -165 -130 -129 -96
-195 -152 -189 -161 16 -26 206 7 383 68 157 53 256 109 510 288 35 25 67 45
72 45 5 0 9 -11 9 -24 0 -42 18 -75 72 -132 118 -125 278 -210 486 -259 37 -9
94 -23 127 -32 161 -42 165 -46 101 -110 -26 -25 -43 -50 -39 -54 4 -4 51 -19
103 -33 52 -15 111 -30 130 -36 37 -10 122 -30 235 -54 224 -48 411 -61 634
-46 91 6 191 16 221 21 297 56 528 148 770 308 73 48 229 173 423 340 163 140
258 211 283 211 23 0 27 -27 10 -70 -42 -105 -125 -260 -159 -297 -19 -21 -19
-23 -3 -29 45 -17 186 83 343 245 86 89 125 123 133 115 17 -17 -5 -217 -36
-314 -40 -130 -73 -216 -107 -278 -17 -31 -35 -66 -41 -78 -14 -25 -220 -314
-244 -340 -9 -11 -39 -46 -67 -79 -95 -115 -416 -437 -533 -536 -169 -144
-212 -156 -301 -85 -107 83 -224 146 -273 146 -33 0 -68 23 -68 44 0 12 56 94
123 183 151 198 206 302 166 311 -9 1 -74 -30 -145 -71 -165 -94 -189 -109
-320 -205 -149 -108 -243 -165 -415 -250 -81 -40 -154 -81 -164 -91 -15 -18
-15 -20 7 -35 12 -9 36 -16 53 -16 16 0 48 -5 71 -10 22 -5 87 -14 145 -20
230 -23 329 -42 329 -64 0 -13 -170 -253 -234 -331 -95 -116 -377 -439 -475
-545 -138 -150 -211 -235 -211 -248 0 -19 16 -22 54 -11 28 8 41 7 52 -2 22
-18 -9 -67 -186 -302 -91 -121 -164 -237 -154 -247 10 -9 166 61 249 113 28
17 75 52 105 77 100 85 380 274 492 333 79 41 359 220 443 283 116 86 203 170
448 426 183 192 226 227 337 266 82 30 120 35 126 17 6 -14 -14 -73 -58 -174
-13 -28 -16 -47 -10 -53 19 -19 206 47 324 114 37 21 74 38 82 38 23 0 28 -16
9 -31 -17 -15 -140 -175 -210 -274 -23 -33 -88 -134 -144 -225 -56 -91 -110
-177 -120 -192 -11 -15 -19 -30 -19 -32 0 -15 -133 -189 -185 -242 -94 -95
-285 -232 -465 -331 -19 -11 -62 -35 -95 -53 -80 -44 -296 -152 -365 -182
-140 -61 -254 -81 -630 -108 -69 -5 -192 -16 -275 -25 -82 -8 -193 -20 -245
-25 -52 -5 -162 -16 -245 -25 -585 -62 -836 -75 -1407 -75 -467 0 -663 10
-716 37 -31 15 -33 20 -29 53 2 19 18 75 36 123 29 83 31 97 31 225 0 75 -5
180 -10 232 -11 113 -5 157 21 165 27 9 202 -80 248 -125 20 -19 44 -50 53
-67 9 -18 23 -33 29 -33 20 0 90 80 150 170 75 113 93 147 227 410 145 287
190 370 280 515 115 188 310 450 477 640 150 172 426 455 530 544 114 97 237
220 230 231 -7 12 -154 -1 -240 -21 -132 -30 -147 -35 -227 -72 -240 -111
-475 -326 -720 -657 -209 -283 -291 -417 -422 -685 -100 -204 -111 -231 -186
-447 -57 -163 -97 -228 -140 -228 -65 0 -204 67 -277 133 -68 63 -119 134
-230 323 -99 168 -115 200 -193 379 -27 62 -77 218 -124 385 -43 152 -70 480
-65 775 4 210 11 245 49 245 11 0 63 -11 116 -25 89 -23 114 -25 318 -25 177
0 226 3 242 14 18 14 18 16 -13 46 -60 59 -43 82 106 155 52 25 132 70 177
100 138 90 294 252 294 307 0 22 -3 22 -103 -1 -73 -17 -155 -31 -352 -62 -91
-14 -447 -39 -555 -39 -94 0 -252 20 -320 41 -276 85 -463 399 -421 706 14
101 41 219 72 313 22 67 157 414 189 485 25 56 29 108 9 113 -24 5 -102 -65
-172 -155 -126 -161 -436 -647 -497 -778 -164 -358 -161 -351 -203 -400 -24
-28 -38 -37 -51 -32 -38 15 -138 292 -175 487 -49 256 -35 650 32 890 115 417
354 752 682 957 165 103 404 193 485 182 l25 -4 7 -180 c9 -257 34 -351 129
-477 127 -170 311 -276 629 -363 223 -61 269 -76 277 -88 5 -7 8 -106 8 -222
0 -189 3 -218 23 -290 31 -107 53 -156 106 -229 75 -106 190 -193 331 -252 65
-27 78 -29 205 -29 134 0 146 2 240 43 70 31 177 111 266 200 97 96 155 176
223 307 23 44 50 89 59 100 23 28 116 97 172 127 168 93 317 203 430 318 64
66 318 411 575 781 88 127 158 210 320 379 215 224 336 341 479 465 39 33 90
78 116 100 25 22 86 72 135 110 50 39 135 106 190 150 134 107 313 241 407
304 73 49 361 202 403 214 11 3 40 13 65 23 68 25 139 44 200 54 89 14 357 3
447 -19z m4410 -343 c72 -80 55 -172 -50 -264 -71 -62 -239 -145 -377 -186
-19 -6 -86 -14 -149 -17 -131 -8 -141 -15 -141 -92 0 -37 6 -53 30 -80 41 -47
36 -64 -20 -64 -44 0 -45 1 -58 40 -18 55 -42 216 -42 286 0 54 2 60 33 82 46
35 111 66 192 93 126 42 154 53 294 124 211 107 251 118 288 78z m-10173 -557
c5 -7 -50 -163 -83 -236 -42 -94 -81 -285 -81 -400 0 -103 56 -198 154 -260
105 -65 167 -76 836 -140 183 -17 298 -32 311 -40 25 -16 2 -38 -78 -76 -279
-131 -361 -179 -488 -283 -44 -36 -88 -66 -97 -66 -19 0 -55 8 -183 41 -44 12
-104 27 -134 35 -30 7 -82 22 -115 33 -34 11 -90 27 -126 37 -107 27 -247 102
-302 160 -78 84 -116 214 -125 424 -4 92 -1 148 11 215 70 383 109 442 346
529 96 35 144 43 154 27z m6859 -94 c69 -29 214 -219 306 -400 45 -88 95 -221
112 -297 55 -248 75 -441 67 -673 -4 -104 -2 -159 5 -166 6 -6 49 -11 98 -11
124 0 342 -19 424 -36 236 -50 410 -158 645 -401 152 -155 310 -353 310 -387
0 -22 -30 -81 -105 -201 -153 -249 -203 -358 -255 -562 -24 -92 -40 -237 -40
-358 0 -94 0 -96 -27 -106 -26 -9 -102 -6 -403 21 -200 17 -468 65 -585 105
-190 65 -255 94 -400 178 -220 128 -413 314 -566 545 -151 230 -243 445 -237
554 l3 52 75 39 c41 21 131 73 200 115 148 91 140 87 305 172 72 38 130 74
130 81 0 11 -21 15 -80 16 -156 4 -361 24 -425 40 -115 30 -231 96 -326 186
-87 82 -114 119 -114 157 0 40 -33 17 -92 -65 -32 -44 -100 -143 -153 -220
-101 -148 -105 -155 -230 -323 -97 -131 -272 -349 -334 -417 -307 -334 -490
-495 -656 -579 -63 -31 -96 -39 -115 -27 -12 9 -11 16 7 53 89 175 169 303
344 550 120 170 226 326 522 773 291 439 549 800 703 982 266 316 590 568 784
609 72 16 66 16 103 1z m-3979 -665 c9 -15 -88 -153 -168 -239 -42 -45 -105
-100 -141 -122 -150 -95 -619 -296 -785 -337 -90 -22 -110 -19 -165 27 -28 23
-101 80 -163 126 -106 80 -202 179 -202 208 0 7 8 16 18 20 9 4 134 11 277 15
300 9 324 14 700 138 266 88 390 124 535 157 70 16 88 17 94 7z m6845 -348
c33 -42 61 -156 76 -309 6 -67 25 -192 31 -214 4 -12 7 -12 20 0 9 10 18 50
24 110 37 372 45 389 167 389 98 0 112 -23 132 -215 17 -162 39 -397 56 -590
8 -99 20 -227 25 -285 45 -495 56 -1039 25 -1203 -68 -362 -392 -1012 -592
-1187 -74 -65 -105 -72 -328 -68 -195 3 -201 4 -260 31 -132 62 -323 303 -408
515 -50 125 -87 337 -87 501 0 256 60 488 181 699 27 47 49 87 49 89 0 8 148
230 204 306 63 87 204 313 238 382 54 108 131 347 158 490 58 300 83 404 113
467 29 60 42 77 77 101 36 25 75 22 99 -9z m-8547 -148 c-2 -51 -31 -117 -141
-323 -33 -61 -72 -149 -87 -194 -25 -75 -26 -86 -15 -128 14 -53 22 -64 42
-55 8 3 56 55 108 115 51 61 99 108 105 106 6 -2 12 -22 14 -45 2 -30 -3 -51
-21 -79 -43 -67 -189 -193 -223 -193 -21 0 -58 65 -104 185 -27 70 -40 114
-40 138 0 15 -4 27 -10 27 -26 0 -70 -153 -70 -245 0 -95 27 -172 93 -262 55
-77 73 -87 160 -81 150 10 269 120 332 308 27 80 24 222 -6 320 -30 98 -36
207 -14 249 8 17 21 31 28 31 22 -1 119 -78 159 -127 81 -97 125 -211 135
-343 8 -128 -29 -256 -106 -360 -113 -155 -229 -247 -365 -293 -66 -23 -215
-23 -282 0 -120 40 -269 167 -324 277 -66 133 -80 348 -31 481 4 11 26 58 49
105 79 162 242 293 502 403 19 8 46 19 60 25 45 20 55 11 52 -42z m-4456 -81
c3 -8 -11 -56 -31 -107 -20 -51 -41 -103 -45 -115 -11 -27 -77 -42 -222 -50
-89 -5 -108 -4 -108 8 0 8 9 20 19 26 11 7 47 48 80 92 69 90 106 122 171 144
60 20 129 22 136 2z m5772 -91 c4 -27 -131 -151 -283 -259 -127 -91 -312 -188
-363 -189 l-34 -1 -25 90 c-40 147 -41 138 9 162 85 41 254 100 453 158 33 10
89 28 125 41 78 28 114 28 118 -2z m-5849 -350 c38 -22 39 -42 7 -111 -43 -92
-165 -203 -223 -203 -34 0 -68 38 -103 116 -65 142 -73 184 -37 209 33 25 310
16 356 -11z m-87 -473 c77 -11 137 -25 154 -35 26 -18 26 -19 20 -93 -8 -83
-42 -172 -83 -215 l-27 -28 -201 0 c-111 0 -293 5 -405 10 -203 11 -203 11
-226 -11 -41 -39 -26 -164 21 -183 9 -3 170 -6 358 -6 330 0 456 -9 485 -32
22 -19 42 -78 42 -124 0 -53 -30 -121 -71 -160 l-30 -29 -227 0 c-125 0 -302
3 -394 5 -159 5 -168 4 -188 -16 -32 -32 -35 -81 -8 -134 34 -66 48 -68 418
-69 399 -1 412 -3 462 -53 32 -32 38 -44 38 -81 0 -56 -22 -100 -67 -134 l-36
-28 -383 -1 c-411 -1 -439 -4 -450 -51 -7 -26 17 -97 44 -128 47 -56 38 -55
421 -55 l354 0 32 -34 c83 -88 64 -211 -39 -256 -51 -22 -279 -38 -609 -45
l-239 -4 -54 26 c-69 33 -114 82 -114 127 0 18 16 68 36 111 27 58 34 86 30
108 -3 17 -35 74 -70 126 -60 88 -86 138 -86 162 0 5 21 32 48 61 68 76 92
113 92 140 0 31 -65 131 -119 183 -60 57 -57 76 35 182 42 48 80 99 86 113 10
27 4 106 -11 124 -14 17 -61 166 -61 192 0 26 20 47 199 217 57 54 115 104
130 110 62 27 526 32 693 8z m494 -230 c145 -39 219 -63 233 -76 12 -12 11
-20 -3 -57 -21 -51 -112 -180 -141 -199 -17 -12 -137 -24 -314 -32 -76 -3 -76
14 -2 156 79 152 127 227 143 227 7 0 45 -9 84 -19z m1794 -766 c10 -27 24
-70 31 -95 7 -25 28 -85 47 -135 65 -170 71 -212 52 -379 -35 -306 -69 -543
-101 -716 -23 -123 -67 -325 -79 -360 -4 -14 -16 -54 -25 -90 -20 -73 -39
-133 -53 -170 -5 -14 -15 -43 -22 -65 -7 -22 -18 -53 -25 -70 -7 -16 -21 -52
-31 -80 -36 -102 -116 -244 -159 -284 -42 -39 -95 -61 -146 -61 -37 0 -47 -16
-61 -101 -6 -41 -15 -78 -19 -83 -12 -13 -119 42 -305 156 -184 113 -221 144
-229 196 -3 21 -10 55 -15 77 -37 158 -37 543 0 750 76 420 141 626 299 945
85 172 121 236 186 335 120 181 169 215 375 256 110 22 146 27 204 25 l59 -1
17 -50z m-2290 -1266 c80 -12 99 -28 81 -63 -13 -24 -53 -45 -121 -65 -66 -19
-295 -42 -380 -39 l-85 3 -9 37 c-12 49 4 85 47 103 64 26 359 42 467 24z
m-121 -404 c20 -19 27 -39 32 -92 11 -114 28 -283 39 -383 5 -52 16 -178 24
-280 20 -246 24 -295 42 -500 47 -559 86 -1148 104 -1585 5 -121 14 -314 20
-430 17 -313 -1 -735 -31 -735 -10 0 -56 99 -91 195 -49 132 -57 190 -93 685
-8 113 -20 250 -25 305 -6 55 -15 159 -21 230 -17 233 -28 367 -44 545 -9 96
-20 231 -25 300 -6 69 -12 135 -15 147 -3 13 -10 82 -15 155 -8 114 -22 265
-45 483 -4 47 -22 241 -45 505 -6 63 -17 184 -25 269 -17 183 -13 202 50 213
72 11 136 1 164 -27z m406 -571 c62 -28 186 -76 240 -92 22 -7 87 -25 145 -42
177 -51 329 -122 455 -213 172 -124 430 -361 634 -581 146 -158 159 -198 95
-306 -20 -34 -49 -76 -65 -95 -35 -40 -120 -97 -169 -114 -161 -55 -563 -56
-745 -1 -16 5 -55 17 -85 25 -30 9 -64 20 -75 25 -11 4 -42 16 -70 25 -151 53
-292 141 -324 203 -37 70 -58 210 -111 727 -6 61 -18 160 -25 220 -17 136 -24
226 -18 243 6 17 50 8 118 -24z m7550 -1603 c39 -5 124 -17 190 -26 173 -24
244 -39 388 -84 139 -44 156 -51 205 -88 26 -20 31 -28 21 -39 -9 -11 -62 -14
-288 -14 -267 -1 -668 -20 -690 -34 -25 -16 -8 -35 47 -51 31 -10 93 -28 137
-41 130 -39 328 -96 352 -101 55 -12 418 -140 423 -148 12 -22 -94 -18 -692
26 -209 16 -638 16 -798 1 -165 -16 -365 -39 -445 -52 -33 -5 -114 -17 -180
-25 -134 -17 -163 -21 -250 -35 -59 -10 -89 -15 -255 -44 -47 -8 -119 -20
-160 -26 -41 -6 -113 -18 -160 -25 -47 -8 -130 -21 -185 -30 -55 -8 -127 -20
-160 -25 -192 -30 -258 -40 -330 -49 -91 -12 -217 -28 -320 -42 -38 -5 -117
-16 -175 -24 -58 -9 -136 -20 -175 -25 -38 -5 -124 -16 -190 -25 -432 -58
-900 -59 -972 -2 -23 19 -25 25 -20 75 3 32 19 83 37 118 37 76 5 69 395 89
256 14 379 26 569 55 37 6 71 12 75 15 4 2 34 9 67 14 91 16 184 38 239 56 66
22 175 76 175 87 0 32 -105 32 -500 -2 -272 -23 -420 -32 -659 -37 -286 -7
-300 -4 -343 65 -19 31 -20 44 -15 149 4 81 10 121 22 139 l16 25 197 -8 c313
-13 1387 -9 1532 5 69 6 215 19 325 27 110 8 250 20 310 25 112 10 276 25 445
40 52 5 136 14 185 19 50 6 135 15 190 21 55 6 147 17 205 25 176 24 272 35
335 39 122 7 812 -3 880 -13z"/>
<path d="M8710 16470 c-25 -4 -103 -13 -175 -20 -162 -14 -195 -20 -195 -32 0
-12 367 -4 486 10 91 12 164 31 164 44 0 10 -218 9 -280 -2z"/>
<path d="M6781 7742 c-36 -37 -90 -106 -118 -154 -29 -48 -65 -96 -79 -107
-40 -32 -85 -27 -134 14 -23 19 -46 32 -52 29 -12 -8 -2 -80 18 -141 50 -146
205 -303 299 -303 97 1 189 98 334 356 65 117 66 131 4 140 -27 3 -60 13 -75
20 -38 20 -78 82 -78 122 0 37 -25 92 -42 92 -6 0 -40 -30 -77 -68z"/>
<path d="M9320 7394 c-105 -16 -233 -53 -367 -108 -276 -114 -559 -364 -810
-716 -121 -170 -383 -585 -383 -606 0 -2 -18 -33 -40 -69 -22 -36 -40 -68 -40
-70 0 -3 -11 -23 -25 -44 -39 -62 -145 -278 -145 -295 0 -32 164 -15 300 30
90 30 208 92 328 173 132 89 294 211 355 270 92 86 172 214 292 466 264 551
307 624 480 805 111 116 128 139 114 156 -6 8 -17 13 -23 13 -6 -1 -22 -3 -36
-5z"/>
<path d="M9950 4958 c-302 -41 -459 -78 -707 -170 -78 -29 -103 -51 -70 -64
16 -6 398 21 562 41 203 23 287 39 480 90 55 14 124 32 152 39 58 15 89 34 75
48 -24 24 -354 35 -492 16z"/>
</g>
</svg>
